08 Amrit 20 5000 1434 748 1234 1876 1987 1645 1742
02 Yash 20 1000 1200 1200 1600 1322 2110 1000 1209
04 Om 21 8000 1000 1222 1345 567 342 890 239
10 Mrityunjay 21 8000 1981 1732 1645 2134 1421 1781 1891
05 Ketan 20 7000 1323 1569 1199 300 480 345 678
07 Karan 21 5000 1222 1346 789 2344 167 1234 1324
18 Mohit 21 500 1224 748 1334 1676 1987 1645 1142
19 Shoham 20 7000 1678 1567 1376 1234 1456 1890 120
01 Aman 21 1500 1200 1500 1700 1320 1560 1970 1800
11 Roshan 21 6000 1200 1500 1700 1320 1560 1970 1809
06 Mehtab 21 900 1233 1344 1677 1323 342 876 923
12 Satyam 20 8000 1200 1200 1600 1352 2110 1000 1709
14 Viraj 21 800 1000 1222 1345 1567 1342 1890 1239
03 Prince 21 700 600 433 558 723 927 290 189
16 Shaurya 20 7000 1233 1344 1677 1323 1342 1876 1923
15 Rishav 20 6000 1323 1569 1199 1304 1480 1345 678
13 Avinash 21 9000 600 1433 1558 1723 1927 1290 1189
17 Amarjeet 21 8000 1222 1346 789 2344 167 1234 1324
09 Ujjawal 21 800 1678 1567 1356 1234 1456 1890 120
20 Naman 21 600 1981 1732 1745 2254 1433 1459 179921 